[[0.26619634759532873, 0.11923383306334273, 0.08781309735199092, 0.05705682384688202, 0.048230995805144644, 0.05785124079860988, 0.08459092423938658, 0.07338891233940775, 0.15754485326485085, 0.04809297169505591], [0.29677046682633906, 0.1160220377526435, 0.08667115493977452, 0.05560590644349081, 0.04889132512393762, 0.051999540861795174, 0.08211088539096591, 0.06772654499873473, 0.14794362181552662, 0.04625851584679197], [0.2803420383087146, 0.12176503111959963, 0.0840499115419261, 0.056550239314936475, 0.04730749837645746, 0.05490532025907981, 0.08304678283242127, 0.07132855091537323, 0.15244601210501532, 0.048258615226476016], [0.29710984080440167, 0.11909787936699348, 0.08335780235359587, 0.05696239752988703, 0.0476898852521184, 0.05147159897659218, 0.08039541898218541, 0.07002472185936377, 0.14607174391662994, 0.04781871095823227], [0.2798788961908763, 0.13272571076760528, 0.0810241486837624, 0.057175813843855186, 0.04573675991838716, 0.05233919766163587, 0.08716938213713296, 0.06911246414911845, 0.14562836173297028, 0.04920926491465616], [0.28305468959261804, 0.11038646039975329, 0.09202621873394078, 0.061027761147234315, 0.05344228638547632, 0.05113241008898902, 0.07984029597693398, 0.07095373238774474, 0.14864753807195488, 0.049488607215354696], [0.2436023453104472, 0.10453823736003655, 0.11050329168868205, 0.06174590886410406, 0.06387544837268772, 0.0553244069282234, 0.08509057406515641, 0.07208631592631225, 0.15534252038974294, 0.047890951094607316], [0.2653766207036286, 0.12389702979316293, 0.08535957906238724, 0.06843002550772369, 0.05402104913315236, 0.04911672539381146, 0.08021991676097223, 0.07232136349677314, 0.1446953830034918, 0.05656230714489645], [0.21045587605860713, 0.12681863470018892, 0.0851969533581729, 0.08650253562200631, 0.0643595900837316, 0.05305927101184728, 0.07836648219559066, 0.07868040406608345, 0.14475598461837672, 0.07180426828539481], [0.2554688242279891, 0.11829060999781049, 0.08551120088047752, 0.06823568779554061, 0.056670728802287774, 0.05319667346778938, 0.07885511294721378, 0.07531931345883366, 0.15106061479011468, 0.05739123363194301], [0.13956474290510323, 0.21827521138366998, 0.07396963817691807, 0.07283886474335756, 0.046112446676641446, 0.05764684821214006, 0.10075400420175935, 0.0966606365350582, 0.12455060424707182, 0.06962700291828017], [0.1555128246884591, 0.19750365197998054, 0.08370984121324511, 0.06619276336856107, 0.039930000496300966, 0.05824894718496309, 0.11409322229594475, 0.08482029135625105, 0.13994329390277835, 0.06004516351351591], [0.10857456132831861, 0.1199012212594089, 0.12594413445958788, 0.08138992689098792, 0.08621415001178755, 0.08797489566540842, 0.09859486355866245, 0.09397723640651527, 0.13887159331652948, 0.058557417102793635], [0.12117936586640111, 0.16069672544319255, 0.11021975412276314, 0.06611140849592852, 0.06049652571589195, 0.08011359999233751, 0.11547718330988317, 0.09728745450131743, 0.13716992550797416, 0.051248057044310506], [0.13819505047831857, 0.2221931058366848, 0.07271947486901628, 0.07387752988263968, 0.045328688746431714, 0.057029333940436966, 0.10134131212358713, 0.09698739414792046, 0.12149055282905548, 0.07083755714590888], [0.11493244998833815, 0.1346811663962817, 0.11021872748996617, 0.04895346060378472, 0.05075053522787361, 0.13002649994946572, 0.1293168480034079, 0.09916735251318937, 0.14291614876649353, 0.039036811061199245], [0.13923023036695079, 0.22751442278576026, 0.07331661913403813, 0.06921824177892162, 0.04473582023750885, 0.05882149738891379, 0.10361846597076857, 0.09660416537995281, 0.12219075813866206, 0.06474977881852315], [0.11226324712696302, 0.18381284406480902, 0.07207928103173623, 0.10075194856011431, 0.05767937567408164, 0.07334514364328844, 0.09558272252787073, 0.09895643183040284, 0.11436894083621216, 0.09116006470452155], [0.1330192450516343, 0.22312756162834435, 0.08649616158468752, 0.06261831948145738, 0.04438885137823953, 0.06056150179021704, 0.11301949737255677, 0.09132428715201521, 0.13101023557352892, 0.054434338987319156], [0.11204753949520115, 0.18114952402667922, 0.09357852896075704, 0.08022520567767223, 0.06475271307021757, 0.07080605909677631, 0.09918642664403546, 0.11361567627679452, 0.11969044863273468, 0.06494787811913183], [0.08643656134692236, 0.09424965896477017, 0.19048465979773851, 0.06234511268716214, 0.07414344497497478, 0.10240398334311211, 0.09545974169506687, 0.12113444450789669, 0.1293873286996146, 0.043955063982741814], [0.08603985315822106, 0.08333237284254823, 0.20511878692456093, 0.05626248766490666, 0.09002495987241, 0.10897505761868881, 0.1212798602056933, 0.090119138832234, 0.12096134223175983, 0.03788614064897729], [0.08669425008243675, 0.08971700065263546, 0.19443962620518648, 0.05456086841020089, 0.08128067877001714, 0.11919260164398347, 0.10865955890533466, 0.10396525752861407, 0.12380312668278597, 0.037687031118805], [0.09101823200623031, 0.08619963939795229, 0.2075381198011905, 0.06374302316210327, 0.08502603205133222, 0.08996112796444941, 0.11254337462813374, 0.09623626606270193, 0.12513062226742783, 0.042603562658478596], [0.08377183543499593, 0.0927573247084909, 0.20277773478493802, 0.05979359431174059, 0.07893756469460153, 0.10717305934014196, 0.10036476799550342, 0.11363794089644269, 0.11941066014945238, 0.04137551768369247], [0.08940155861697982, 0.0920954640666606, 0.19355498755822603, 0.05650207356679258, 0.07359753133504084, 0.10497568304300198, 0.12535725620344956, 0.09600272808895623, 0.1295312043894977, 0.038981513131394585], [0.0979904915308322, 0.1069374516456714, 0.17193597535884264, 0.07059842031208344, 0.06078332407301183, 0.07529110862927338, 0.11826069050063628, 0.09585364651765428, 0.1496588897306348, 0.052690001701359714], [0.11390376428327735, 0.12281792362557102, 0.13560110825472577, 0.06756243650893802, 0.04973117955853293, 0.06968835433827703, 0.11944727457970064, 0.09210018109657385, 0.1721780377660037, 0.056969739988399694], [0.10939908932194602, 0.13601455833322254, 0.13270182961638796, 0.06691489714552998, 0.0500310719044775, 0.07539094341080363, 0.10920815664170223, 0.10692035254459893, 0.15663890941147582, 0.05678019166985533], [0.08846900368367895, 0.07920822124286112, 0.2122734952679664, 0.05778318187571647, 0.09307756190435527, 0.10281016100726223, 0.11093016554769024, 0.08728211386641765, 0.12762922500325896, 0.04053687060079264], [0.08134929225856276, 0.09116964626831774, 0.07337916340305525, 0.19834742855509643, 0.05130308043868686, 0.04984514210867515, 0.061241021956454256, 0.09755480978495719, 0.10210930249189037, 0.19370111273430407], [0.10137804390435691, 0.0890862665495233, 0.14469795914384362, 0.10696582595286903, 0.08197561582590261, 0.0722966460389991, 0.08096799043892178, 0.11148441987913248, 0.14079009827811936, 0.07035713398833199], [0.07689397206904239, 0.10728384387775994, 0.0782589105167637, 0.1978661899594982, 0.06997222021154917, 0.055103937147327794, 0.06827414764361242, 0.10751129717781853, 0.09531686970488934, 0.14351861169173857], [0.08713648027239833, 0.09811253560564052, 0.07724594574515094, 0.19016624346246877, 0.05452642570951411, 0.05440575734122155, 0.06963799526586724, 0.0918072490176717, 0.11031858675642438, 0.16664278082364253], [0.0749230574362301, 0.07884823767241605, 0.0738135535928745, 0.23083663380302635, 0.0698084363156891, 0.04629247007397627, 0.05168298618872598, 0.09980049629272766, 0.09398992164648227, 0.18000420697785188], [0.082702941756293, 0.11118175433192583, 0.06631619382627667, 0.18222416312460094, 0.05639683491580231, 0.05231857767784149, 0.0671032985399481, 0.1019054779430591, 0.10097615814602429, 0.17887459973822825], [0.10919720399820959, 0.1092443857996956, 0.08265234014632719, 0.1299692005918896, 0.0506951761944066, 0.05948893439085214, 0.07503918946846894, 0.09812787499167416, 0.13689507349558913, 0.14869062092288698], [0.09916765690942049, 0.11808903878704004, 0.07995750502923764, 0.12767324546114558, 0.05735467691645781, 0.06653420219026804, 0.07962536923307684, 0.09961097636054986, 0.1363566711785836, 0.13563065793421988], [0.07754633359831602, 0.10810490335113031, 0.07243974638281982, 0.19910266988368633, 0.06246100390075338, 0.056290333061351755, 0.06696230660339249, 0.10238638043456305, 0.0941864962168383, 0.16051982656714844], [0.099520973046181, 0.13249231461894845, 0.07985780518987887, 0.14423296809586528, 0.056527885976757536, 0.06672641873497596, 0.0842766328721183, 0.10825622449552534, 0.1114070505666423, 0.11670172640310697], [0.11526743218237197, 0.08749009255601845, 0.14426327189362537, 0.07029873202329281, 0.15198511929744596, 0.09243155108867028, 0.08075130489585694, 0.09519665931111333, 0.11367724823356024, 0.04863858851804477], [0.08769973831150912, 0.10306190952549177, 0.11447631755327495, 0.08469863885071681, 0.115883229770049, 0.10801373317300036, 0.12382690651794037, 0.08431740048982449, 0.1178709374395975, 0.060151188368595496], [0.10102656586636304, 0.08002510019833427, 0.14447017280392455, 0.06895122599223001, 0.17777584645027855, 0.10163596498409737, 0.07155984645534705, 0.10259722316163122, 0.10526472139641377, 0.046693332691380075], [0.13157916476028883, 0.13952440602119776, 0.10406523651876927, 0.07330448500352837, 0.08442852815370226, 0.08538701935046412, 0.09642121363196353, 0.10809359291949651, 0.12257216083376174, 0.05462419280682747], [0.12374237428250792, 0.0920636776921967, 0.13844619635100716, 0.07361849947219441, 0.12951374319565082, 0.0891380288193026, 0.07005117912705462, 0.1101916056057782, 0.12109697578165758, 0.05213771967265001], [0.0951484196392698, 0.08347332757912494, 0.14861908563560777, 0.07332129400838172, 0.14729496852881035, 0.10738148714707524, 0.07175388837964247, 0.11163474891917338, 0.10930308746571943, 0.052069692697194955], [0.09369991219010111, 0.07902245718861078, 0.1486095732879808, 0.0661537352545309, 0.1695399687228373, 0.11243910867386366, 0.08962319100140173, 0.09347965327007318, 0.10494967322364761, 0.04248272718695287], [0.07429617069425971, 0.06470874604054487, 0.10933802547223033, 0.10088973007076295, 0.286783176096318, 0.07394608051643609, 0.06090813686296553, 0.08299178459722342, 0.08274808286925801, 0.06339006678000082], [0.0836870753210727, 0.08242526414013247, 0.12479368078686882, 0.07923844118561625, 0.18927354842194077, 0.11265307368431918, 0.08119718401502639, 0.0938102720713486, 0.10119822325958319, 0.05172323711409171], [0.11046171035982658, 0.0861392721261623, 0.14866619832141753, 0.06365537723972496, 0.13243826328828162, 0.11628365521673914, 0.07603157267975595, 0.1102844108566382, 0.11054322891169246, 0.045496310999761244], [0.07364748807865838, 0.08476714556999501, 0.14708407929587486, 0.05668201586184511, 0.0932680818316172, 0.18557181121797148, 0.10925668969261944, 0.09490320037213984, 0.11444640377003334, 0.04037308430924561], [0.072738201703537, 0.08573966058204126, 0.1324613201256754, 0.05066002842475109, 0.0814969333630099, 0.22331983683811482, 0.11661963863174535, 0.08648703901847493, 0.11257802147252743, 0.037899319840122944], [0.07732315412952334, 0.07713444544590835, 0.146724954960007, 0.0665497132889953, 0.14642441736336065, 0.14957944684410693, 0.1020428296726358, 0.08150390964376492, 0.1077662828731855, 0.044950845778512355], [0.0769346946688615, 0.08573908324934222, 0.14127410691620837, 0.06562829413575763, 0.09429036057440576, 0.16922071071756578, 0.11037409361626578, 0.08908512297229094, 0.11877636768805458, 0.048677165461247354], [0.07660165142553817, 0.08391083731919144, 0.13811213748163714, 0.05586396841194472, 0.09089142112783274, 0.19492050098409192, 0.1203602753883047, 0.08028701121613246, 0.11801608339042233, 0.041036113254904465], [0.0869116671827564, 0.10306887318507289, 0.11956585381007745, 0.09819847640440542, 0.07502633315231175, 0.10799136867121827, 0.09582026889834923, 0.10355012388762273, 0.1323700336156829, 0.07749700119250297], [0.07897284968726384, 0.10628232215881381, 0.12302937751691109, 0.08128923234994506, 0.07386773152667704, 0.1328052141587075, 0.11245441033290074, 0.09988960125155434, 0.12932351703608708, 0.062085743981139495], [0.07160151908236435, 0.09562667898625789, 0.11690900522801179, 0.047502957487029616, 0.06768592737460724, 0.23618917456480043, 0.12827308435777016, 0.08750482874868988, 0.11248650873351561, 0.036220315436953185], [0.07218084619827002, 0.08705872604284802, 0.11578188694251941, 0.0445269688246417, 0.0738500138170222, 0.24914567157052006, 0.13766768194078752, 0.07792787868559548, 0.10871649341893656, 0.033143832558858825], [0.07330488904350628, 0.09453844790302098, 0.1346931124737809, 0.05683609221583821, 0.0833583802137809, 0.18672753017417473, 0.11520995998963177, 0.0981340669558362, 0.11570054457214396, 0.04149697645828596], [0.09654652373660685, 0.12620079060314726, 0.11239842150514974, 0.05189398394546345, 0.0505207506803601, 0.10083846225016098, 0.20838444768271586, 0.0703951883326072, 0.142024425248005, 0.04079700601578364], [0.11020258935213373, 0.11453092327385088, 0.10968119819209218, 0.058627669285547884, 0.0606252314585873, 0.11688318751089198, 0.16699512335610872, 0.08100848885374817, 0.13759779848280362, 0.04384779023423539], [0.10746765782326119, 0.12110717116836797, 0.11214962388261378, 0.05594824585702849, 0.05389583695528363, 0.08841302850443523, 0.20913111113629282, 0.06720262501625697, 0.1423575509682649, 0.04232714868819504], [0.08891546955941257, 0.13704171633950946, 0.12063250638145435, 0.0628326557528441, 0.050593959466711046, 0.09464683108573242, 0.1690398191888344, 0.08395017531981498, 0.1423126973677835, 0.05003416953790317], [0.10879382872588775, 0.10384154183922674, 0.13811515515871253, 0.05618718953320201, 0.0704162242970913, 0.09416229807388982, 0.18003514654761113, 0.06821106037560346, 0.14007666293609294, 0.040160892512682365], [0.11632425237170993, 0.12795895291651088, 0.11366802490185844, 0.0602827501204508, 0.05360800311800195, 0.0804269516517154, 0.182344412848399, 0.07033798559895119, 0.14854648608070928, 0.046502180391693244], [0.10878128121969972, 0.11291565410170089, 0.13256283677201977, 0.06166487686481741, 0.06350379320182446, 0.08446716901782568, 0.17711956926114578, 0.0718229434159045, 0.14236467441443273, 0.04479720173062918], [0.11142659004725064, 0.14270147579415224, 0.10566305006928774, 0.06537478903514984, 0.04849822838472707, 0.07457822648250917, 0.17882496395556066, 0.07379850247251613, 0.14730188142040299, 0.05183229233844351], [0.11396298379354536, 0.1240685618255396, 0.10576793459114985, 0.05416069199633497, 0.05178856244000829, 0.0870877063662895, 0.2110886727124625, 0.06437411292735735, 0.14570177018205074, 0.041999003165261915], [0.1298086874400159, 0.12167817886409864, 0.1098349350465257, 0.05732178370700252, 0.06210039212877301, 0.09309234184316308, 0.16100628445022364, 0.07296721227186806, 0.1495638924849649, 0.04262629176336457], [0.0964401934087265, 0.0935208555286417, 0.1381302928328391, 0.08204993864526325, 0.10406245030902807, 0.08287783145442383, 0.06953103186736374, 0.16234519889598367, 0.11436830280295905, 0.056673904254771076], [0.09015544866501665, 0.09870399721991857, 0.10964092285399178, 0.13207737913650883, 0.07287882049804408, 0.06360884014478077, 0.06853471417037184, 0.14627377890002535, 0.12178966886818157, 0.09633642954316063], [0.10222476006766246, 0.09460718481371387, 0.14758743576067937, 0.06842923704167905, 0.11785239339374048, 0.09712531147884051, 0.0777602014034972, 0.13856605890545037, 0.1103359535352945, 0.04551146359944208], [0.09714183777439225, 0.12031373677532617, 0.0825867852499053, 0.13021126140036524, 0.051272786688449645, 0.05951690437626059, 0.06622389271325768, 0.15596173538462627, 0.11921764833738353, 0.11755341130003347], [0.09015301121675813, 0.09978243301969852, 0.1445322152126262, 0.07454970485138722, 0.10411157412357738, 0.10341916429493457, 0.0804771163488248, 0.1451595518441041, 0.10836589728000372, 0.049449331808085514], [0.10332713476600058, 0.10576993213228728, 0.10678003528459, 0.11529583919962204, 0.061767572061071474, 0.05723928535568901, 0.06710398921137888, 0.17630738703488824, 0.11940180260657914, 0.08700702234789336], [0.10169958563886275, 0.13199233256431167, 0.07501951661529649, 0.1286766813053695, 0.04818424570777682, 0.05332165543687149, 0.07432348825502032, 0.12217735234008446, 0.12025121343122228, 0.1443539287051843], [0.11110620635138613, 0.10571960516533617, 0.12890236502612593, 0.08003885369964298, 0.07988284642039573, 0.07804804773507229, 0.07018060112220827, 0.1588843345268001, 0.12629756164654674, 0.06093957830648568], [0.1114232870439711, 0.11057990832553437, 0.14414826314366452, 0.06891549818470921, 0.07160340539141131, 0.08460219599535249, 0.07986716751397979, 0.14469030453573792, 0.13174401908841601, 0.052425950777223396], [0.09646941864279007, 0.09736712018145427, 0.12905543832061356, 0.09637548297483803, 0.08357626444233342, 0.07799213122422652, 0.07775899294005838, 0.1530030265846019, 0.12176792777807355, 0.06663419691101027], [0.1512946942480111, 0.10382795218060775, 0.11770553654292204, 0.08678776001122909, 0.05290009024074491, 0.05840209435650328, 0.07902902004509399, 0.10633880453461346, 0.17371155139920358, 0.07000249644107077], [0.19350226104931734, 0.1036383180826365, 0.11841656754738596, 0.06495575053006847, 0.05326421603436866, 0.059604658576012666, 0.08463065465203319, 0.08551532101788084, 0.18334718409544326, 0.053125068414853205], [0.2145946026307246, 0.14683597259326267, 0.08419103774989535, 0.07061501563499666, 0.0435972880919293, 0.04972381433365073, 0.09408520950386065, 0.078239036380356, 0.15291188145277346, 0.06520614162855055], [0.16286384482835384, 0.10052276237357116, 0.10670867817493279, 0.08983422525203145, 0.05743559311454136, 0.05528381786962338, 0.07930085932322846, 0.07920446649947045, 0.18826814085316532, 0.08057761171108174], [0.15063551679222367, 0.0909534404914822, 0.14556648213189077, 0.08089913372840325, 0.06954833760079042, 0.06088371448961345, 0.07558738642855384, 0.09406771332358306, 0.1689547472249979, 0.06290352778846146], [0.1594235704943234, 0.14955329862853597, 0.09867316819799227, 0.06465582287767849, 0.05060605470831634, 0.07653638606872912, 0.10447340256919241, 0.08215916512090261, 0.15780150011488087, 0.05611763121944851], [0.1377906347705069, 0.09159853117095795, 0.1593587725933671, 0.06350590962207517, 0.07424029357284828, 0.07334105329027878, 0.11008595771927926, 0.07606146764641243, 0.16881627830968146, 0.04520110130459253], [0.129209741205437, 0.15818736649888093, 0.10140333947159368, 0.05654268429329513, 0.045103232926582436, 0.09230255842702892, 0.12973217450330943, 0.0864067400758698, 0.15285615011111736, 0.04825601248688531], [0.13690425577213375, 0.10554543586542195, 0.12557006447942046, 0.07836099427694165, 0.05671255118643939, 0.07305022911186905, 0.07778030847850365, 0.1160573233561548, 0.16815970526615398, 0.06185913220696143], [0.15802657420547558, 0.10861959446364577, 0.10908139405584781, 0.06733032173697275, 0.05025261550710451, 0.07502452114376394, 0.09119179366239322, 0.08665548435914217, 0.19687748090902862, 0.056940219956625654], [0.07478568968541664, 0.0786021185083373, 0.06863307405743083, 0.190051572010897, 0.05688898029623926, 0.042890782944117675, 0.048699573152484445, 0.09665324263977114, 0.09405844769498573, 0.24873651901031996], [0.09310874055689056, 0.08566534585832197, 0.07862737111482887, 0.18318886327799475, 0.05898141853880735, 0.04887967388317945, 0.057242938535064555, 0.0881906944516443, 0.11282482316701144, 0.19329013061625672], [0.1063749055926254, 0.0935904807095138, 0.09316198263147192, 0.134818303977485, 0.05763566588657058, 0.0605141308482367, 0.06457758109671503, 0.11428164841589182, 0.13188915473241133, 0.14315614610907823], [0.1187905747496655, 0.10190393045090812, 0.11199992329786637, 0.0838747019704929, 0.059366174186969524, 0.08391598234660243, 0.07636643762694702, 0.12313001535692512, 0.1646255149236997, 0.07602674508992319], [0.12544670120784626, 0.10122873204556845, 0.12926741053020094, 0.07262220772300247, 0.05797102943526271, 0.08243440288691155, 0.07778970992182915, 0.12954239661783265, 0.16091765386610266, 0.06277975576544323], [0.08281738283933918, 0.10195791486137576, 0.06452963317039194, 0.1747700076829839, 0.050931672289349125, 0.04768313070659227, 0.05739558253793027, 0.09447653754699817, 0.09905186843870975, 0.22638626992632943], [0.08944262197827822, 0.07992299950595211, 0.08503085451357842, 0.1727679626764544, 0.06344741048064408, 0.049832979920444116, 0.05528088565828774, 0.09740033148230479, 0.11436033736263981, 0.1925136164214163], [0.0900778382132062, 0.12227286944047723, 0.07546998719965194, 0.13901641117373936, 0.045954003106932775, 0.06092516294783204, 0.070905318852691, 0.12533375020600088, 0.10844308378638233, 0.16160157507308617], [0.112881956886678, 0.11358949393931647, 0.11943067311757387, 0.06790938001878473, 0.0531557852935779, 0.09940138849012209, 0.0869518916047868, 0.13641651201635926, 0.15047625659856953, 0.0597866620342313], [0.1065977213152039, 0.1257322447862497, 0.10860218005950277, 0.07564970346662346, 0.04882748007635541, 0.09008051773110104, 0.08455065390109434, 0.15813388708971504, 0.1338396320658744, 0.06798597950828]]