[[0.5616696023690929, 0.059616916531671366, 0.04390654867599546, 0.02852841192344101, 0.024115497902572322, 0.10035419182787636, 0.04229546211969329, 0.036694456169703876, 0.07877242663242542, 0.024046485847527953], [0.6483852334131696, 0.05801101887632175, 0.04333557746988726, 0.027802953221745405, 0.02444566256196881, 0.025999770430897587, 0.041055442695482953, 0.03386327249936737, 0.07397181090776331, 0.023129257923395985], [0.6401710191543573, 0.060882515559799816, 0.04202495577096305, 0.028275119657468237, 0.02365374918822873, 0.027452660129539903, 0.041523391416210635, 0.03566427545768661, 0.07622300605250766, 0.024129307613238008], [0.648554920402201, 0.05954893968349675, 0.04167890117679794, 0.028481198764943517, 0.023844942626059202, 0.025735799488296095, 0.04019770949109271, 0.03501236092968189, 0.07303587195831499, 0.02390935547911614], [0.6399394480954381, 0.06636285538380264, 0.0405120743418812, 0.028587906921927593, 0.02286837995919358, 0.026169598830817934, 0.04358469106856648, 0.034556232074559226, 0.07281418086648514, 0.02460463245732808], [0.6415273447963091, 0.05519323019987665, 0.046013109366970395, 0.03051388057361716, 0.026721143192738165, 0.025566205044494514, 0.039920147988467, 0.03547686619387238, 0.07432376903597745, 0.02474430360767735], [0.47894402979808065, 0.05226911868001826, 0.05525164584434101, 0.030872954432052024, 0.03193772418634385, 0.027662203464111693, 0.0425452870325782, 0.03604315796315612, 0.07767126019487146, 0.1668026184044465], [0.6326883103518143, 0.061948514896581465, 0.04267978953119362, 0.034215012753861844, 0.02701052456657618, 0.02455836269690573, 0.040109958380486116, 0.03616068174838657, 0.0723476915017459, 0.028281153572448224], [0.39094222374358933, 0.06340931735009447, 0.04259847667908646, 0.04325126781100316, 0.03217979504186581, 0.026529635505923643, 0.039183241097795335, 0.039340202033041734, 0.07237799230918837, 0.25018784842841174], [0.41344869782828025, 0.059145304998905246, 0.04275560044023876, 0.034117843897770304, 0.028335364401143887, 0.02659833673389469, 0.03942755647360689, 0.03765965672941683, 0.07553030739505734, 0.2429813311016858], [0.06978237145255162, 0.5377090342632636, 0.036984819088459034, 0.03641943237167878, 0.023056223338320723, 0.02882342410607003, 0.05037700210087968, 0.0483303182675291, 0.06227530212353591, 0.10624207288771151], [0.07775641234422956, 0.5987518259899903, 0.04185492060662256, 0.03309638168428054, 0.019965000248150486, 0.029124473592481548, 0.05704661114797238, 0.04241014567812553, 0.06997164695138919, 0.030022581756757958], [0.19714442352130218, 0.1313791820582759, 0.1344006386583654, 0.04069496344549397, 0.04310707500589378, 0.25827316211841855, 0.049297431779331234, 0.04698861820325764, 0.06943579665826476, 0.02927870855139682], [0.060589682933200564, 0.36606264843588204, 0.12653844848995302, 0.033055704247964265, 0.03024826285794598, 0.04005679999616876, 0.12916716308351303, 0.04864372725065872, 0.14001353418255855, 0.025624028522155257], [0.0690975252391593, 0.6110965529183425, 0.03635973743450815, 0.03693876494131985, 0.02266434437321586, 0.028514666970218486, 0.05067065606179357, 0.048493697073960236, 0.060745276414527746, 0.035418778572954446], [0.27175193927988334, 0.2101977260552837, 0.055109363744983084, 0.02447673030189236, 0.025375267613936804, 0.2078703928318757, 0.06465842400170395, 0.04958367625659468, 0.07145807438324676, 0.019518405530599622], [0.06961511518347539, 0.6137572113928801, 0.036658309567019064, 0.03460912088946081, 0.022367910118754424, 0.029410748694456895, 0.051809232985384285, 0.048302082689976406, 0.06109537906933103, 0.03237488940926157], [0.05613162356348151, 0.23476356488954736, 0.03603964051586812, 0.050375974280057155, 0.02883968783704082, 0.03667257182164422, 0.047791361263935364, 0.19233535877234426, 0.05718447041810608, 0.25986574663797507], [0.06650962252581714, 0.3972780665284579, 0.04324808079234376, 0.10273773116930011, 0.022194425689119765, 0.03028075089510852, 0.12793832011484982, 0.11709071500457903, 0.06550511778676446, 0.027217169493659578], [0.05602376974760057, 0.4477176191561968, 0.04678926448037852, 0.040112602838836116, 0.032376356535108786, 0.03540302954838816, 0.04959321332201773, 0.19966498099554011, 0.05984522431636734, 0.032473939059565915], [0.04321828067346118, 0.04712482948238508, 0.4523851870417264, 0.1026011277721525, 0.03707172248748739, 0.051201991671556056, 0.04772987084753343, 0.060567222253948345, 0.13612223577837873, 0.021977531991370907], [0.04301992657911053, 0.041666186421274114, 0.4597022506051376, 0.09955981526102475, 0.045012479936205, 0.054487528809344404, 0.13206850153141808, 0.045059569416117, 0.060480671115879917, 0.018943070324488644], [0.043347125041218376, 0.04485850032631773, 0.38293409881687895, 0.027280434205100446, 0.04064033938500857, 0.059596300821991736, 0.2686154937383816, 0.05198262876430704, 0.06190156334139298, 0.0188435155594025], [0.045509116003115156, 0.043099819698976145, 0.5323404884720238, 0.031871511581051636, 0.04251301602566611, 0.044980563982224706, 0.1277002587426383, 0.048118133031350964, 0.06256531113371391, 0.021301781329239298], [0.041885917717497965, 0.04637866235424545, 0.45853172453532615, 0.029896797155870295, 0.039468782347300765, 0.05358652967007098, 0.05018238399775171, 0.1996761133053642, 0.05970533007472619, 0.020687758841846236], [0.04470077930848992, 0.046047732033330305, 0.45392035092197025, 0.028251036783396296, 0.036798765667520425, 0.12391641295007244, 0.0626786281017248, 0.11942993547304956, 0.06476560219474886, 0.019490756565697296], [0.048995245765416105, 0.053468725822835704, 0.5859679876794214, 0.035299210156041726, 0.03039166203650592, 0.037645554314636696, 0.05913034525031815, 0.04792682325882715, 0.07482944486531741, 0.02634500085067986], [0.05695188214163868, 0.06140896181278552, 0.4249434112702201, 0.03378121825446902, 0.024865589779266468, 0.03484417716913852, 0.20258078014699318, 0.04605009054828693, 0.08608901888300187, 0.02848486999419985], [0.054699544660973015, 0.06800727916661128, 0.35206520052247975, 0.033457448572764996, 0.025015535952238755, 0.03769547170540182, 0.2688897926065654, 0.05346017627229947, 0.07831945470573792, 0.02839009583492767], [0.044234501841839476, 0.03960411062143056, 0.6061367476339832, 0.028891590937858234, 0.04653878095217764, 0.051405080503631115, 0.05546508277384512, 0.04364105693320883, 0.06381461250162948, 0.02026843530039632], [0.04067464612928138, 0.04558482313415887, 0.03668958170152763, 0.24203085713469108, 0.02565154021934343, 0.024922571054337574, 0.030620510978227128, 0.048777404892478594, 0.05105465124594519, 0.4539934135100092], [0.050689021952178455, 0.04454313327476165, 0.07234897957192181, 0.12491148440500593, 0.040987807912951306, 0.03614832301949955, 0.04048399521946089, 0.4843136385109948, 0.07039504913905968, 0.035178566994165994], [0.038446986034521194, 0.05364192193887997, 0.03912945525838185, 0.5989330949797491, 0.034986110105774584, 0.027551968573663897, 0.03413707382180621, 0.053755648588909265, 0.04765843485244467, 0.07175930584586929], [0.043568240136199164, 0.04905626780282026, 0.03862297287257547, 0.523654550302663, 0.027263212854757055, 0.027202878670610775, 0.03481899763293362, 0.04590362450883585, 0.05515929337821219, 0.1547499618403927], [0.03746152871811505, 0.03942411883620803, 0.03690677679643725, 0.5439897454729418, 0.03490421815784455, 0.023146235036988136, 0.02584149309436299, 0.04990024814636383, 0.04699496082324114, 0.16143067491749735], [0.0413514708781465, 0.055590877165962914, 0.033158096913138334, 0.37682636727658614, 0.028198417457901154, 0.026159288838920745, 0.03355164926997405, 0.05095273897152955, 0.12191665050158357, 0.232294442726257], [0.054598601999104796, 0.0546221928998478, 0.11275474150173502, 0.13641317172451622, 0.0253475880972033, 0.1011730386239975, 0.03751959473423447, 0.04906393749583708, 0.2827332510335088, 0.14577388189001492], [0.049583828454710245, 0.05904451939352002, 0.03997875251461882, 0.2781223370162871, 0.028677338458228906, 0.03326710109513402, 0.03981268461653842, 0.04980548818027493, 0.21103547844643467, 0.2106724718242528], [0.03877316679915801, 0.054052451675565154, 0.03621987319140991, 0.4566941920847003, 0.03123050195037669, 0.028145166530675877, 0.033481153301696244, 0.051193190217281526, 0.04709324810841915, 0.22311705614071708], [0.049760486523090515, 0.06624615730947424, 0.11135747402351089, 0.28640219833364694, 0.028263942988378775, 0.03336320936748799, 0.042138316436059156, 0.19698525510490558, 0.05570352528332116, 0.12977943463012495], [0.057633716091185984, 0.04374504627800922, 0.07213163594681268, 0.03514936601164641, 0.575992559648723, 0.04621577554433514, 0.04037565244792847, 0.047598329655556666, 0.05683862411678012, 0.024319294259022385], [0.04384986915575457, 0.05153095476274589, 0.05723815877663748, 0.04234931942535841, 0.48651304345645313, 0.05400686658650019, 0.13334202468754164, 0.04215870024491225, 0.05893546871979876, 0.03007559418429775], [0.05051328293318152, 0.040012550099167134, 0.07223508640196227, 0.034475612996115006, 0.374602208939425, 0.050817982492048684, 0.035779923227673524, 0.2655843258665299, 0.052632360698206884, 0.023346666345690038], [0.06578958238014442, 0.06976220301059888, 0.052032618259384635, 0.03665224250176419, 0.04221426407685113, 0.04269350967523206, 0.048210606815981764, 0.5540467964597483, 0.06128608041688087, 0.027312096403413734], [0.06187118714125396, 0.04603183884609835, 0.06922309817550358, 0.036809249736097206, 0.42189972874068254, 0.0445690144096513, 0.03502558956352731, 0.19795294566003196, 0.06054848789082879, 0.026068859836325006], [0.0475742098196349, 0.04173666378956247, 0.07430954281780389, 0.03666064700419086, 0.28793319855011945, 0.12511931500210904, 0.035876944189821236, 0.270103088745301, 0.054651543732859714, 0.026034846348597478], [0.046849956095050556, 0.03951122859430539, 0.0743047866439904, 0.03307686762726545, 0.5847699843614187, 0.05621955433693183, 0.044811595500700865, 0.04673982663503659, 0.052474836611823804, 0.021241363593476434], [0.037148085347129864, 0.03235437302027244, 0.05466901273611517, 0.05044486503538148, 0.6433915880481591, 0.03697304025821805, 0.030454068431482767, 0.04149589229861172, 0.041374041434629014, 0.03169503339000042], [0.041843537660536355, 0.041212632070066244, 0.06239684039343442, 0.03961922059280813, 0.5946367742109705, 0.056326536842159595, 0.0405985920075132, 0.046905136035674304, 0.0505991116297916, 0.025861618557045857], [0.05523085517991329, 0.04306963606308115, 0.07433309916070877, 0.03182768861986248, 0.5662191316441408, 0.05814182760836957, 0.038015786339877976, 0.0551422054283191, 0.05527161445584623, 0.022748155499880622], [0.036823744039329184, 0.0423835727849975, 0.07354203964793742, 0.02834100793092255, 0.04663404091580859, 0.5927859056089856, 0.054628344846309705, 0.047451600186069906, 0.05722320188501666, 0.020186542154622802], [0.0363691008517685, 0.04286983029102063, 0.0662306600628377, 0.025330014212375546, 0.04074846668150495, 0.6116599184190574, 0.058309819315872674, 0.043243519509237466, 0.05628901073626372, 0.018949659920061472], [0.03866157706476167, 0.038567222722954174, 0.0733624774800035, 0.03327485664449765, 0.2874979229673946, 0.3605040091363392, 0.0510214148363179, 0.04075195482188246, 0.05388314143659275, 0.022475422889256177], [0.03846734733443075, 0.04286954162467111, 0.07063705345810418, 0.032814147067878816, 0.04714518028720288, 0.5846103553587829, 0.05518704680813289, 0.04454256148614547, 0.05938818384402729, 0.024338582730623677], [0.038300825712769083, 0.04195541865959572, 0.06905606874081857, 0.02793198420597236, 0.04544571056391637, 0.597460250492046, 0.06018013769415235, 0.04014350560806623, 0.059008041695211164, 0.020518056627452232], [0.04345583359137821, 0.05153443659253645, 0.05978292690503873, 0.049099238202202716, 0.03751316657615588, 0.5539956843356092, 0.04791013444917462, 0.051775061943811373, 0.06618501680784146, 0.03874850059625149], [0.03948642484363192, 0.053141161079406904, 0.061514688758455546, 0.04064461617497253, 0.03693386576333852, 0.5664026070793537, 0.05622720516645037, 0.04994480062577717, 0.06466175851804354, 0.031042871990569747], [0.03580075954118218, 0.047813339493128944, 0.05845450261400589, 0.023751478743514808, 0.03384296368730362, 0.6180945872824002, 0.06413654217888508, 0.04375241437434494, 0.056243254366757804, 0.018110157718476592], [0.03609042309913501, 0.04352936302142401, 0.057890943471259705, 0.02226348441232085, 0.0369250069085111, 0.62457283578526, 0.06883384097039376, 0.03896393934279774, 0.05435824670946828, 0.016571916279429413], [0.03665244452175315, 0.047269223951510494, 0.06734655623689047, 0.02841804610791911, 0.04167919010689046, 0.5933637650870874, 0.05760497999481589, 0.049067033477918104, 0.05785027228607199, 0.020748488229142985], [0.04827326186830341, 0.06310039530157362, 0.056199210752574856, 0.025946991972731717, 0.025260375340180042, 0.2647049454107947, 0.38990650955564354, 0.035197594166303595, 0.07101221262400248, 0.020398503007891818], [0.12652986610463832, 0.057265461636925453, 0.054840599096046105, 0.02931383464277395, 0.030312615729293658, 0.2012987366125889, 0.3692118473923401, 0.04050424442687409, 0.06879889924140183, 0.0219238951171177], [0.053733828911630595, 0.060553585584183986, 0.05607481194130689, 0.027974122928514245, 0.026947918477641816, 0.04420651425221762, 0.6045655555681464, 0.033601312508128485, 0.07117877548413246, 0.02116357434409752], [0.044457734779706284, 0.06852085816975473, 0.06031625319072718, 0.03141632787642205, 0.025296979733355523, 0.19018055840000905, 0.44166276673727434, 0.04197508765990749, 0.07115634868389176, 0.025017084768951585], [0.054396914362943874, 0.05192077091961337, 0.1404861490079277, 0.028093594766601004, 0.03520811214854565, 0.04708114903694491, 0.5185890018452342, 0.03410553018780173, 0.07003833146804647, 0.020080446256341183], [0.05816212618585495, 0.06397947645825543, 0.05683401245092921, 0.030141375060225392, 0.026804001559000968, 0.04021347582585769, 0.5911722064241994, 0.035168992799475586, 0.07427324304035463, 0.02325109019584662], [0.12581921203842128, 0.056457827050850444, 0.2805671326717242, 0.030832438432408706, 0.03175189660091223, 0.04223358450891284, 0.30284549891628715, 0.03591147170795225, 0.07118233720721637, 0.02239860086531459], [0.05571329502362532, 0.07135073789707612, 0.05283152503464387, 0.03268739451757492, 0.024249114192363534, 0.037289113241254584, 0.5894124819777803, 0.03689925123625806, 0.07365094071020149, 0.025916146169221756], [0.27126720618248695, 0.0620342809127698, 0.05288396729557492, 0.027080345998167485, 0.025894281220004145, 0.04354385318314475, 0.391258622070517, 0.03218705646367868, 0.07285088509102537, 0.020999501582630958], [0.13633291514857937, 0.06083908943204932, 0.05491746752326285, 0.02866089185350126, 0.031050196064386505, 0.04654617092158154, 0.5090745707965404, 0.03648360613593403, 0.07478194624248245, 0.021313145881682285], [0.04822009670436326, 0.04676042776432086, 0.06906514641641956, 0.04102496932263163, 0.05203122515451404, 0.04143891572721192, 0.03476551593368188, 0.5811725994479919, 0.05718415140147953, 0.02833695212738554], [0.04507772433250833, 0.04935199860995929, 0.0548204614269959, 0.06603868956825443, 0.036439410249022045, 0.03180442007239039, 0.034267357085185926, 0.5731368894500127, 0.06089483443409079, 0.04816821477158032], [0.051112380033831235, 0.04730359240685694, 0.0737937178803397, 0.03421461852083953, 0.1303547681254417, 0.048562655739420264, 0.038880100701748604, 0.4978544580241538, 0.05516797676764726, 0.022755731799721044], [0.04857091888719613, 0.060156868387663084, 0.04129339262495265, 0.06510563070018262, 0.025636393344224823, 0.029758452188130294, 0.03311194635662884, 0.5779808676923132, 0.05960882416869177, 0.05877670565001673], [0.045076505608379065, 0.04989121650984926, 0.0722661076063131, 0.03727485242569361, 0.12348435849036012, 0.051709582147467285, 0.0402385581744124, 0.5011512044934806, 0.05418294864000186, 0.024724665904042757], [0.0516635673830003, 0.052884966066143645, 0.05339001764229501, 0.057647919599811026, 0.03088378603053574, 0.028619642677844507, 0.033551994605689445, 0.5881536935174442, 0.059700901303289575, 0.043503511173946685], [0.050849792819431375, 0.06599616628215584, 0.037509758307648244, 0.06433834065268475, 0.02409212285388841, 0.026660827718435746, 0.03716174412751016, 0.48966010474147076, 0.06012560671561114, 0.14360553578116358], [0.055553103175693064, 0.052859802582668085, 0.06445118251306296, 0.04001942684982149, 0.03994142321019786, 0.039024023867536145, 0.03509030056110413, 0.5794421672634, 0.06314878082327337, 0.03046978915324284], [0.055711643521985536, 0.05528995416276717, 0.07207413157183225, 0.0344577490923546, 0.03580170269570565, 0.042301097997676236, 0.03993358375698989, 0.5723451522678689, 0.065872009544208, 0.02621297538861169], [0.048234709321395036, 0.048683560090727135, 0.06452771916030678, 0.048187741487419014, 0.04178813222116671, 0.03899606561211326, 0.03887949647002919, 0.5765015132923009, 0.060883963889036774, 0.03331709845550514], [0.07564734712400555, 0.051913976090303876, 0.13028133970003244, 0.043393880005614546, 0.026450045120372453, 0.02920104717825164, 0.039514510022546995, 0.05316940226730673, 0.5154272042710304, 0.03500124822053539], [0.1681797019532301, 0.05181915904131825, 0.05920828377369298, 0.10390644669360566, 0.02663210801718433, 0.029802329288006333, 0.042315327326016595, 0.04275766050894042, 0.4488164491905788, 0.026562534207426602], [0.17872587274393373, 0.07341798629663134, 0.042095518874947675, 0.03530750781749833, 0.02179864404596465, 0.024861907166825365, 0.047042604751930325, 0.039119518190178, 0.07645594072638673, 0.4611744993857038], [0.08143192241417693, 0.05026138118678559, 0.19621148194460927, 0.11634568405458716, 0.028717796557270685, 0.027641908934811693, 0.03965042966161424, 0.11103080467830666, 0.308419784712297, 0.04028880585554088], [0.07531775839611184, 0.0454767202457411, 0.1442118124945168, 0.18330670972134447, 0.03477416880039521, 0.030441857244806726, 0.03779369321427692, 0.04703385666179153, 0.37019165932678466, 0.03145176389423073], [0.07971178524716171, 0.074776649314268, 0.12076515552756757, 0.03232791143883925, 0.025303027354158174, 0.2525539073200789, 0.05223670128459621, 0.041079582560451314, 0.29318646434315476, 0.028058815609724258], [0.1403238888138249, 0.04579926558547898, 0.151107957725255, 0.03175295481103759, 0.03712014678642415, 0.036670526645139395, 0.1979001217167825, 0.03803073382320622, 0.29869385344055505, 0.02260055065229627], [0.06460487060271851, 0.07909368324944048, 0.12213024116436828, 0.028271342146647567, 0.02255161646329122, 0.2604369934992288, 0.06486608725165473, 0.04320337003793491, 0.290713789341273, 0.02412800624344266], [0.06845212788606687, 0.052772717932710975, 0.2770707465254245, 0.03918049713847083, 0.028356275593219696, 0.10795368598450594, 0.03889015423925182, 0.0580286616780774, 0.29836556691879124, 0.030929566103480716], [0.0790132871027378, 0.054309797231822894, 0.05454069702792391, 0.03366516086848638, 0.02512630775355226, 0.2517979748575963, 0.045595896831196615, 0.04332774217957109, 0.38415302616880004, 0.02847010997831283], [0.03739284484270832, 0.03930105925416865, 0.03431653702871541, 0.16645435743401993, 0.02844449014811963, 0.021445391472058838, 0.024349786576242222, 0.04832662131988557, 0.04702922384749286, 0.5529396880765886], [0.04655437027844528, 0.042832672929160986, 0.039313685557414435, 0.09159443163899737, 0.029490709269403673, 0.024439836941589726, 0.028621469267532278, 0.04409534722582215, 0.05641241158350572, 0.5966450653081283], [0.1960445956534556, 0.046795240354756906, 0.04658099131573597, 0.13883772341731396, 0.0288178329432853, 0.030257065424118358, 0.032288790548357524, 0.057140824207945924, 0.06594457736620568, 0.35729235876882487], [0.05939528737483275, 0.05095196522545406, 0.12742853307750462, 0.04193735098524645, 0.029683087093484762, 0.11338656260187263, 0.03818321881347351, 0.20442215053560542, 0.29659847174756415, 0.03801337254496159], [0.06272335060392313, 0.05061436602278423, 0.20749084812224333, 0.036311103861501236, 0.028985514717631354, 0.041217201443455774, 0.03889485496091458, 0.13619976973748776, 0.36617311264733704, 0.031389877882721615], [0.04140869141966959, 0.05097895743068788, 0.03226481658519597, 0.08738500384149195, 0.025465836144674563, 0.023841565353296134, 0.028697791268965135, 0.047238268773499084, 0.049525934219354875, 0.6131931349631647], [0.04472131098913912, 0.03996149975297606, 0.042515427256789216, 0.15781255276679865, 0.031723705240322045, 0.02491648996022206, 0.027640442829143873, 0.0487001657411524, 0.057180168681319914, 0.5248282367821367], [0.0450389191066031, 0.061136434720238615, 0.03773499359982597, 0.06950820558686968, 0.022977001553466388, 0.10189115290248744, 0.0354526594263455, 0.06266687510300044, 0.054221541893191165, 0.5093722161079717], [0.05644097844333901, 0.05679474696965824, 0.1311439079873584, 0.03395469000939237, 0.026577892646788955, 0.12112926567363248, 0.043475945802393404, 0.06820825600817965, 0.36095241401357053, 0.10132190244568709], [0.05329886065760195, 0.06286612239312485, 0.19715823288689424, 0.03782485173331173, 0.024413740038177704, 0.04504025886555052, 0.04227532695054717, 0.2933526578305718, 0.13834838746150863, 0.10542156118271143]]